//ver 2, 1=wall, 2=dots
//ver2 1=wall,2=pacgomme,3=super pacgomme

Level 1-28-31
1 1 1 1 1 1 1 1 1 1 1 1 1 1 1 1 1 1 1 1 1 1 1 1 1 1 1 1
1 3 2 2 2 2 2 2 2 2 2 2 2 1 1 2 2 2 2 2 2 2 2 2 2 2 3 1
1 2 1 1 1 1 2 1 1 1 1 1 2 1 1 2 1 1 1 1 1 2 1 1 1 1 2 1
1 2 1 1 1 1 2 1 1 1 1 1 2 1 1 2 1 1 1 1 1 2 1 1 1 1 2 1
1 2 1 1 1 1 2 1 1 1 1 1 2 1 1 2 1 1 1 1 1 2 1 1 1 1 2 1
1 2 2 2 2 2 2 2 2 2 2 2 2 2 2 2 2 2 2 2 2 2 2 2 2 2 2 1
1 2 1 1 1 1 2 1 1 2 1 1 1 1 1 1 1 1 2 1 1 2 1 1 1 1 2 1
1 2 1 1 1 1 2 1 1 2 1 1 1 1 1 1 1 1 2 1 1 2 1 1 1 1 2 1
1 2 2 2 2 2 2 1 1 2 2 2 2 1 1 2 2 2 2 1 1 2 2 2 2 2 2 1
1 1 1 1 1 1 2 1 1 1 1 1 - 1 1 - 1 1 1 1 1 2 1 1 1 1 1 1
- - - - - 1 2 1 1 1 1 1 - 1 1 - 1 1 1 1 1 2 1 - - - - -
- - - - - 1 2 1 1 - - - - - - - - - - 1 1 2 1 - - - - -
- - - - - 1 2 1 1 - 1 1 1 - - 1 1 1 - 1 1 2 1 - - - - -
1 1 1 1 1 1 2 1 1 - 1 - - - - - - 1 - 1 1 2 1 1 1 1 1 1
- - - - - - 2 - - - 1 - 7 - 8 - 9 1 - - - 2 - - - - - -
1 1 1 1 1 1 2 1 1 - 1 - - - - - - 1 - 1 1 2 1 1 1 1 1 1
- - - - - 1 2 1 1 - 1 1 1 1 1 1 1 1 - 1 1 2 1 - - - - -
- - - - - 1 2 1 1 - - - - - - - - - - 1 1 2 1 - - - - -
- - - - - 1 2 1 1 - 1 1 1 1 1 1 1 1 - 1 1 2 1 - - - - -
1 1 1 1 1 1 2 1 1 - 1 1 1 1 1 1 1 1 - 1 1 2 1 1 1 1 1 1
1 2 2 2 2 2 2 2 2 2 2 2 2 2 2 2 2 2 2 2 2 2 2 2 2 2 2 1
1 2 1 1 1 1 2 1 1 1 1 1 2 1 1 2 1 1 1 1 1 2 1 1 1 1 2 1
1 2 1 1 1 1 2 1 1 1 1 1 2 1 1 2 1 1 1 1 1 2 1 1 1 1 2 1
1 2 2 2 1 1 2 2 2 2 2 2 2 2 5 2 2 2 2 2 2 2 1 1 2 2 2 1
1 1 1 2 1 1 2 1 1 2 1 1 1 1 1 1 1 1 2 1 1 2 1 1 2 1 1 1
1 1 1 2 1 1 2 1 1 2 1 1 1 1 1 1 1 1 2 1 1 2 1 1 2 1 1 1
1 2 2 2 2 2 2 1 1 2 2 2 2 1 1 2 2 2 2 1 1 2 2 2 2 2 2 1
1 2 1 1 1 1 1 1 1 1 1 1 2 1 1 2 1 1 1 1 1 1 1 1 1 1 2 1
1 2 1 1 1 1 1 1 1 1 1 1 2 1 1 2 1 1 1 1 1 1 1 1 1 1 2 1
1 3 2 2 2 2 2 2 2 2 2 2 2 2 2 2 2 2 2 2 2 2 2 2 2 2 3 1
1 1 1 1 1 1 1 1 1 1 1 1 1 1 1 1 1 1 1 1 1 1 1 1 1 1 1 1

