//1=wall,2=pacgomme,3=super pacgomme, 4=Fruits, 0=Objets
//5=pacman, 6=Blinky,7=Clyde,8=Inky,9=Pinky,

Level 1-28-31
1 1 1 1 1 1 1 1 1 1 1 1 1 1 1 1 1 1 1 1 1 1 1 1 1 1 1 1
1 3 2 2 2 2 2 2 2 2 2 2 2 1 1 2 2 2 2 2 2 2 2 2 2 2 3 1
1 2 1 1 1 1 2 1 1 1 1 1 2 1 1 2 1 1 1 1 1 2 1 1 1 1 2 1
1 2 1 1 1 1 2 1 1 1 1 1 2 1 1 2 1 1 1 1 1 2 1 1 1 1 2 1
1 2 1 1 1 1 2 1 1 1 1 1 2 1 1 2 1 1 1 1 1 2 1 1 1 1 2 1
1 2 2 2 2 2 2 2 2 2 2 2 2 2 2 2 2 2 2 2 2 2 2 2 2 2 2 1
1 2 1 1 1 1 2 1 1 2 1 1 1 1 1 1 1 1 2 1 1 2 1 1 1 1 2 1
1 2 1 1 1 1 2 1 1 2 1 1 1 1 1 1 1 1 2 1 1 2 1 1 1 1 2 1
1 2 2 2 2 2 2 1 1 2 2 2 2 1 1 2 2 2 2 1 1 2 2 2 2 2 2 1
1 1 1 1 1 1 2 1 1 1 1 1 - 1 1 - 1 1 1 1 1 2 1 1 1 1 1 1
- - - - - 1 2 1 1 1 1 1 - 1 1 - 1 1 1 1 1 2 1 - - - - -
- - - - - 1 2 1 1 - - - 7 6 9 8 - - - 1 1 2 1 - - - - -
- - - - - 1 2 1 1 - 1 1 1 1 1 1 1 1 - 1 1 2 1 - - - - -
1 1 1 1 1 1 2 1 1 - 1 - - - - - - 1 - 1 1 2 1 1 1 1 1 1
- - - - - - 2 - - - 1 - - - - - - 1 - - - 2 - - - - - -
1 1 1 1 1 1 2 1 1 - 1 - - - - - - 1 - 1 1 2 1 1 1 1 1 1
- - - - - 1 2 1 1 - 1 1 1 1 1 1 1 1 - 1 1 2 1 - - - - -
- - - - - 1 2 1 1 - - - - - - - - - - 1 1 2 1 - - - - -
- - - - - 1 2 1 1 - 1 1 1 1 1 1 1 1 - 1 1 2 1 - - - - -
1 1 1 1 1 1 2 1 1 - 1 1 1 1 1 1 1 1 - 1 1 2 1 1 1 1 1 1
1 2 2 2 2 2 2 2 2 2 2 2 2 2 2 2 2 2 2 2 2 2 2 2 2 2 2 1
1 2 1 1 1 1 2 1 1 1 1 1 2 1 1 2 1 1 1 1 1 2 1 1 1 1 2 1
1 2 1 1 1 1 2 1 1 1 1 1 2 1 1 2 1 1 1 1 1 2 1 1 1 1 2 1
1 2 2 2 1 1 2 2 2 2 2 2 2 5 2 2 2 2 2 2 2 2 1 1 2 2 2 1
1 1 1 2 1 1 2 1 1 2 1 1 1 1 1 1 1 1 2 1 1 2 1 1 2 1 1 1
1 1 1 2 1 1 2 1 1 2 1 1 1 1 1 1 1 1 2 1 1 2 1 1 2 1 1 1
1 2 2 2 2 2 2 1 1 2 2 2 2 1 1 2 2 2 2 1 1 2 2 2 2 2 2 1
1 2 1 1 1 1 1 1 1 1 1 1 2 1 1 2 1 1 1 1 1 1 1 1 1 1 2 1
1 2 1 1 1 1 1 1 1 1 1 1 2 1 1 2 1 1 1 1 1 1 1 1 1 1 2 1
1 3 2 2 2 2 2 2 2 2 2 2 2 2 2 2 2 2 2 2 2 2 2 2 2 2 3 1
1 1 1 1 1 1 1 1 1 1 1 1 1 1 1 1 1 1 1 1 1 1 1 1 1 1 1 1

Level 2-28-31
1 1 1 1 1 1 1 1 1 1 1 1 1 1 1 1 1 1 1 1 1 1 1 1 1 1 1 1
1 3 2 2 2 2 2 1 1 2 2 2 2 2 2 2 2 2 2 1 1 2 2 2 2 2 3 1
1 2 1 1 1 1 2 1 1 2 1 1 1 1 1 1 1 1 2 1 1 2 1 1 1 1 2 1
1 2 1 1 1 1 2 2 2 2 1 1 1 1 1 1 1 1 2 2 2 2 1 1 1 1 2 1
1 2 1 1 1 1 2 1 1 2 1 1 2 2 2 2 1 1 2 1 1 2 1 1 1 1 2 1
1 2 2 2 2 2 2 1 1 2 1 1 2 1 1 2 1 1 2 1 1 2 2 2 2 2 2 1
1 2 1 1 2 1 1 1 1 2 1 1 2 1 1 2 1 1 2 1 1 1 1 2 1 1 2 1
1 2 1 1 2 1 1 1 1 2 1 1 2 1 1 2 1 1 2 1 1 1 1 2 1 1 2 1
1 2 1 1 2 2 2 2 2 2 2 2 2 1 1 2 2 2 2 2 2 2 2 2 1 1 2 1
1 2 1 1 1 1 2 1 1 - 1 1 1 1 1 1 1 1 - 1 1 2 1 1 1 1 2 1
1 2 1 1 1 1 2 1 1 - 1 1 1 1 1 1 1 1 - 1 1 2 1 1 1 1 2 1
1 2 1 1 2 2 2 1 1 - - - 7 6 9 8 - - - 1 1 2 2 2 1 1 2 1
1 2 1 1 2 1 1 1 1 - 1 1 1 1 1 1 1 1 - 1 1 1 1 2 1 1 2 1
1 2 1 1 2 1 1 1 1 - 1 - - - - - - 1 - 1 1 1 1 2 1 1 2 1
1 2 2 2 2 2 2 1 1 - 1 - - - - - - 1 - 1 1 2 2 2 2 2 2 1
1 2 1 1 1 1 2 1 1 - 1 - - - - - - 1 - 1 1 2 1 1 1 1 2 1
1 2 1 1 1 1 2 1 1 - 1 1 1 1 1 1 1 1 - 1 1 2 1 1 1 1 2 1
1 2 2 2 2 2 2 - - - - - - - - - - - - - - 2 2 2 2 2 2 1
1 1 1 2 1 1 2 1 1 1 1 1 - 1 1 - 1 1 1 1 1 2 1 1 2 1 1 1
1 1 1 2 1 1 2 1 1 1 1 1 - 1 1 - 1 1 1 1 1 2 1 1 2 1 1 1
- - - 2 1 1 2 2 2 2 2 2 2 1 1 2 2 2 2 2 2 2 1 1 2 - - -
1 1 1 2 1 1 1 1 1 1 1 1 2 1 1 2 1 1 1 1 1 1 1 1 2 1 1 1
1 1 1 2 1 1 1 1 1 1 1 1 2 1 1 2 1 1 1 1 1 1 1 1 2 1 1 1
1 2 2 2 2 2 2 2 2 2 2 2 2 2 5 2 2 2 2 2 2 2 2 2 2 2 2 1
1 2 1 1 1 1 1 2 1 1 2 1 1 1 1 1 1 2 1 1 2 1 1 1 1 1 2 1
1 2 1 1 1 1 1 2 1 1 2 1 1 1 1 1 1 2 1 1 2 1 1 1 1 1 2 1
1 2 1 1 2 2 2 2 1 1 2 2 2 1 1 2 2 2 1 1 2 2 2 2 1 1 2 1
1 2 1 1 2 1 1 1 1 1 1 1 2 1 1 2 1 1 1 1 1 1 1 2 1 1 2 1
1 2 1 1 2 1 1 1 1 1 1 1 2 1 1 2 1 1 1 1 1 1 1 2 1 1 2 1
1 2 2 2 2 2 2 2 2 2 2 2 2 2 2 2 2 2 2 2 2 2 2 2 2 2 2 1
1 1 1 1 1 1 1 1 1 1 1 1 1 1 1 1 1 1 1 1 1 1 1 1 1 1 1 1

Level 3-28-31
1 1 1 1 1 1 1 1 1 1 1 1 1 1 1 1 1 1 1 1 1 1 1 1 1 1 1 1
1 2 2 2 2 2 2 2 2 2 2 2 2 1 1 2 2 2 2 2 2 2 2 2 2 2 2 1
1 2 1 1 1 1 2 1 1 1 1 1 2 1 1 2 1 1 1 1 1 2 1 1 1 1 2 1
1 2 1 1 1 1 2 1 1 1 1 1 2 1 1 2 1 1 1 1 1 2 1 1 1 1 2 1
1 2 2 2 1 1 2 2 2 2 1 1 2 1 1 2 1 1 2 2 2 2 1 1 2 2 2 1
1 1 1 2 1 1 2 1 1 2 1 1 2 2 2 2 1 1 2 1 1 2 1 1 2 1 1 1
- - 1 2 1 1 2 1 1 2 1 1 2 1 1 2 1 1 2 1 1 2 1 1 2 1 - -
1 1 1 2 1 1 2 1 1 2 1 1 2 1 1 2 1 1 2 1 1 2 1 1 2 1 1 1
- 2 2 2 2 2 2 1 1 2 2 2 2 1 1 2 2 2 2 1 1 2 2 2 2 2 2 2
1 2 1 1 1 1 1 1 1 2 1 1 1 1 1 1 1 1 2 1 1 1 1 1 1 1 2 1
1 2 1 1 1 1 1 1 1 2 1 1 1 1 1 1 1 1 2 1 1 1 1 1 1 1 2 1
1 2 2 2 2 2 2 2 2 2 - - 7 6 9 8 - - 2 2 2 2 2 2 2 2 2 1
1 2 1 1 1 1 2 1 1 - 1 1 1 1 1 1 1 1 - 1 1 2 1 1 1 1 2 1
1 2 1 1 1 1 2 1 1 - 1 - - - - - - 1 - 1 1 2 1 1 1 1 2 1
1 2 2 2 1 1 2 1 1 - 1 - - - - - - 1 - 1 1 2 1 1 2 2 2 1
1 1 1 2 1 1 2 1 1 - 1 - - - - - - 1 - 1 1 2 1 1 2 1 1 1
- - 1 2 1 1 2 1 1 - 1 1 1 1 1 1 1 1 - 1 1 2 1 1 2 1 - -
- - 1 2 2 2 2 2 2 2 - - - - - - - - 2 2 2 2 2 2 2 1 - -
- - 1 - 1 1 2 1 1 1 1 1 2 1 1 2 1 1 1 1 1 2 1 1 - 1 - -
1 1 1 - 1 1 2 1 1 1 1 1 2 1 1 2 1 1 1 1 1 2 1 1 - 1 1 1
- - - - 1 1 2 2 2 2 2 2 2 1 1 2 2 2 2 2 2 2 1 1 - - - -
1 1 1 1 1 1 2 1 1 2 1 1 1 1 1 1 1 1 2 1 1 2 1 1 1 1 1 1
1 1 1 1 1 1 2 1 1 2 1 1 1 1 1 1 1 1 2 1 1 2 1 1 1 1 1 1
1 2 2 2 2 2 2 1 1 2 2 2 2 2 5 2 2 2 2 1 1 2 2 2 2 2 2 1
1 2 1 1 2 1 1 1 1 2 1 1 1 1 1 1 1 1 2 1 1 1 1 2 1 1 2 1
1 2 1 1 2 1 1 1 1 2 1 1 1 1 1 1 1 1 2 1 1 1 1 2 1 1 2 1
1 2 1 1 2 2 2 1 1 2 2 2 2 1 1 2 2 2 2 1 1 2 2 2 1 1 2 1
1 2 1 1 1 1 2 1 1 2 1 1 2 1 1 2 1 1 2 1 1 2 1 1 1 1 2 1
1 2 1 1 1 1 2 1 1 2 1 1 2 1 1 2 1 1 2 1 1 2 1 1 1 1 2 1
1 2 2 2 2 2 2 2 2 2 1 1 2 2 2 2 1 1 2 2 2 2 2 2 2 2 2 1
1 1 1 1 1 1 1 1 1 1 1 1 1 1 1 1 1 1 1 1 1 1 1 1 1 1 1 1





















